123
654
987123
654
987123
654
987123
654
987123
654
987123
654
987123
654
987123
654
987123
654
987123
654
987123
654
987123
654
987123
654
987123
654
987123
654
987123
654
987123
654
987123
654
987123
654
987123
654
987123
654
987123
654
987123
654
987123
654
987123
654
987123
654
987123
654
987123
654
987123
654
987123
654
987123
654
987123
654
987123
654
987123
654
987123
654
987123
654
987123
654
987123
654
987123
654
987123
654
987123
654
987123
654
987123
654
987123
654
987123
654
987123
654
987123
654
987123
654
987123
654
987123
654
987123
654
987123
654
987123
654
987123
654
987123
654
987123
654
987123
654
987123
654
987123
654
987123
654
987123
654
987123
654
987123
654
987123
654
987123
654
987123
654
987123
654
987123
654
987123
654
987123
654
987123
654
987123
654
987123
654
987123
654
987123
654
987123
654
987123
654
987123
654
987123
654
987123
654
987123
654
987123
654
987123
654
987123
654
987123
654
987123
654
987123
654
987123
654
987123
654
987123
654
987123
654
987123
654
987123
654
987123
654
987123
654
987123
654
987123
654
987123
654
987123
654
987123
654
987123
654
987123
654
987123
654
987123
654
987123
654
987123
654
987123
654
987123
654
987123
654
987123
654
987123
654
987123
654
987123
654
987123
654
987123
654
987123
654
987123
654
987123
654
987123
654
987123
654
987123
654
987123
654
987123
654
987
